DATA|socfb-Amherst41|1|1|2235|2234|18320.981|OK|1,2,3,4,5,6,7,8,9,10,11,12,13,14,15,16,17,18,19,20,21,22,23,24,25,26,27,28,29,30,31,32,33,34,35,36,37,38,39,40,41,42,43,44,45,46,47,48,49,50,51,52,53,54,55,56,57,58,59,60,61,62,63,64,65,66,67,68,69,70,71,72,73,74,75,76,77,78,79,80,81,82,83,84,85,86,87,88,89,90,91,92,93,94,95,96,97,98,99,100,101,102,103,104,105,106,107,108,109,110,111,112,113,114,115,116,117,118,119,120,121,122,123,124,125,126,127,128,129,130,131,132,133,134,135,136,137,138,139,140,141,142,143,144,145,146,147,148,149,150,151,152,153,154,155,156,157,158,159,160,161,162,163,164,165,166,167,168,169,170,171,172,173,174,175,176,177,178,179,180,181,182,183,184,185,186,187,188,189,190,191,192,193,194,195,196,197,198,199,200,201,202,203,204,205,206,207,208,209,210,211,212,213,214,215,216,217,218,219,220,221,222,223,224,225,226,227,228,229,230,231,232,233,234,235,236,237,238,239,240,241,242,243,244,245,246,247,248,249,250,251,252,253,254,255,256,257,258,259,260,261,262,263,264,265,266,267,268,269,270,271,272,273,274,275,276,277,278,279,280,281,282,283,284,285,286,287,288,289,290,291,293,294,295,296,297,298,299,300,301,302,303,304,305,306,307,308,309,310,311,312,313,314,315,316,317,318,319,320,321,322,323,324,325,326,327,328,329,330,331,332,333,334,335,336,337,338,339,340,341,342,343,344,345,346,347,348,349,350,351,352,353,354,355,356,357,358,359,360,361,362,363,364,365,366,367,368,369,370,371,372,373,374,375,376,377,378,379,380,381,382,383,384,385,386,387,388,389,390,391,392,393,394,395,396,397,398,399,400,401,402,403,404,405,406,407,408,409,410,411,412,413,414,415,416,417,418,419,420,421,422,423,424,425,426,427,428,429,430,431,432,433,434,435,436,437,438,439,440,441,442,443,444,445,446,447,448,449,450,451,452,453,454,455,456,457,458,459,460,461,462,463,464,465,466,467,468,469,470,471,472,473,474,475,476,477,478,479,480,481,482,483,484,485,486,487,488,489,490,491,492,493,494,495,496,497,498,499,500,501,502,503,504,505,506,507,508,509,510,511,512,513,514,515,516,517,518,519,520,521,522,523,524,525,526,527,528,529,530,531,532,533,534,535,536,537,538,539,540,541,542,543,544,545,546,547,548,549,550,551,552,553,554,555,556,557,558,559,560,561,562,563,564,565,566,567,568,569,570,571,572,573,574,575,576,577,578,579,580,581,582,583,584,585,586,587,588,589,590,591,592,593,594,595,596,597,598,599,600,601,602,603,604,605,606,607,608,609,610,611,612,613,614,615,616,617,618,619,620,621,622,623,624,625,626,627,628,629,630,631,632,633,634,635,636,637,638,639,640,641,642,643,644,645,646,647,648,649,650,651,652,653,654,655,656,657,658,659,660,661,662,663,664,665,666,667,668,669,670,671,672,673,674,675,676,677,678,679,680,681,682,683,684,685,686,687,688,689,690,691,692,693,694,695,696,697,698,699,700,701,702,703,704,705,706,707,708,709,710,711,712,713,714,715,716,717,718,719,720,721,722,723,724,725,726,727,728,729,730,731,732,733,734,735,736,737,738,739,740,741,742,743,744,745,746,747,748,749,750,751,752,753,754,755,756,757,758,759,760,761,762,763,764,765,766,767,768,769,770,771,772,773,774,775,776,777,778,779,780,781,782,783,784,785,786,787,788,789,790,791,792,793,794,795,796,797,798,799,800,801,802,803,804,805,806,807,808,809,810,811,812,813,814,815,816,817,818,819,820,821,822,823,824,825,826,827,828,829,830,831,832,833,834,835,836,837,838,839,840,841,842,843,844,845,846,847,848,849,850,851,852,853,854,855,856,857,858,859,860,861,862,863,864,865,866,867,868,869,870,871,872,873,874,875,876,877,878,879,880,881,882,883,884,885,886,887,888,889,890,891,892,893,894,895,896,897,898,899,900,901,902,903,904,905,906,907,908,909,910,911,912,913,914,915,916,917,918,919,920,921,922,923,924,925,926,927,928,929,930,931,932,933,934,935,936,937,938,939,940,941,942,943,944,945,946,947,948,949,950,951,952,953,954,955,956,957,958,959,960,961,962,963,964,965,966,967,968,969,970,971,972,973,974,975,976,977,978,979,980,981,982,983,984,985,986,987,988,989,990,991,992,993,994,995,996,997,998,999,1000,1001,1002,1003,1004,1005,1006,1007,1008,1009,1010,1011,1012,1013,1014,1015,1016,1017,1018,1019,1020,1021,1022,1023,1024,1025,1026,1027,1028,1029,1030,1031,1032,1033,1034,1035,1036,1037,1038,1039,1040,1041,1042,1043,1044,1045,1046,1047,1048,1049,1050,1051,1052,1053,1054,1055,1056,1057,1058,1059,1060,1061,1062,1063,1064,1065,1066,1067,1068,1069,1070,1071,1072,1073,1074,1075,1076,1077,1078,1079,1080,1081,1082,1083,1084,1085,1086,1087,1088,1089,1090,1091,1092,1093,1094,1095,1096,1097,1098,1099,1100,1101,1102,1103,1104,1105,1106,1107,1108,1109,1110,1111,1112,1113,1114,1115,1116,1117,1118,1119,1120,1121,1122,1123,1124,1125,1126,1127,1128,1129,1130,1131,1132,1133,1134,1135,1136,1137,1138,1139,1140,1141,1142,1143,1144,1145,1146,1147,1148,1149,1150,1151,1152,1153,1154,1155,1156,1157,1158,1159,1160,1161,1162,1163,1164,1165,1166,1167,1168,1169,1170,1171,1172,1173,1174,1175,1176,1177,1178,1179,1180,1181,1182,1183,1184,1185,1186,1187,1188,1189,1190,1191,1192,1193,1194,1195,1196,1197,1198,1199,1200,1201,1202,1203,1204,1205,1206,1207,1208,1209,1210,1211,1212,1213,1214,1215,1216,1217,1218,1219,1220,1221,1222,1223,1224,1225,1226,1227,1228,1229,1230,1231,1232,1233,1234,1235,1236,1237,1238,1239,1240,1241,1242,1243,1244,1245,1246,1247,1248,1249,1250,1251,1252,1253,1254,1255,1256,1257,1258,1259,1260,1261,1262,1263,1264,1265,1266,1267,1268,1269,1270,1271,1272,1273,1274,1275,1276,1277,1278,1279,1280,1281,1282,1283,1284,1285,1286,1287,1288,1289,1290,1291,1292,1293,1294,1295,1296,1297,1298,1299,1300,1301,1302,1303,1304,1305,1306,1307,1308,1309,1310,1311,1312,1313,1314,1315,1316,1317,1318,1319,1320,1321,1322,1323,1324,1325,1326,1327,1328,1329,1330,1331,1332,1333,1334,1335,1336,1337,1338,1339,1340,1341,1342,1343,1344,1345,1346,1347,1348,1349,1350,1351,1352,1353,1354,1355,1356,1357,1358,1359,1360,1361,1362,1363,1364,1365,1366,1367,1368,1369,1370,1371,1372,1373,1374,1375,1376,1377,1378,1379,1380,1381,1382,1383,1384,1385,1386,1387,1388,1389,1390,1391,1392,1393,1394,1395,1396,1397,1398,1399,1400,1401,1402,1403,1404,1405,1406,1407,1408,1409,1410,1411,1412,1413,1414,1415,1416,1417,1418,1419,1420,1421,1422,1423,1424,1425,1426,1427,1428,1429,1430,1431,1432,1433,1434,1435,1436,1437,1438,1439,1440,1441,1442,1443,1444,1445,1446,1447,1448,1449,1450,1451,1452,1453,1454,1455,1456,1457,1458,1459,1460,1461,1462,1463,1464,1465,1466,1467,1468,1469,1470,1471,1472,1473,1474,1475,1476,1477,1478,1479,1480,1481,1482,1483,1484,1485,1486,1487,1488,1489,1490,1491,1492,1493,1494,1495,1496,1497,1498,1499,1500,1501,1502,1503,1504,1505,1506,1507,1508,1509,1510,1511,1512,1513,1514,1515,1516,1517,1518,1519,1520,1521,1522,1523,1524,1525,1526,1527,1528,1529,1530,1531,1532,1533,1534,1535,1536,1537,1538,1539,1540,1541,1542,1543,1544,1545,1546,1547,1548,1549,1550,1551,1552,1553,1554,1555,1556,1557,1558,1559,1560,1561,1562,1563,1564,1565,1566,1567,1568,1569,1570,1571,1572,1573,1574,1575,1576,1577,1578,1579,1580,1581,1582,1583,1584,1585,1586,1587,1588,1589,1590,1591,1592,1593,1594,1595,1596,1597,1598,1599,1600,1601,1602,1603,1604,1605,1606,1607,1608,1609,1610,1611,1612,1613,1614,1615,1616,1617,1618,1619,1620,1621,1622,1623,1624,1625,1626,1627,1628,1629,1630,1631,1632,1633,1634,1635,1636,1637,1638,1639,1640,1641,1642,1643,1644,1645,1646,1647,1648,1649,1650,1651,1652,1653,1654,1655,1656,1657,1658,1659,1660,1661,1662,1663,1664,1665,1666,1667,1668,1669,1670,1671,1672,1673,1674,1675,1676,1677,1678,1679,1680,1681,1682,1683,1684,1685,1686,1687,1688,1689,1690,1691,1692,1693,1694,1695,1696,1697,1698,1699,1700,1701,1702,1703,1704,1705,1706,1707,1708,1709,1710,1711,1712,1713,1714,1715,1716,1717,1718,1719,1720,1721,1722,1723,1724,1725,1726,1727,1728,1729,1730,1731,1732,1733,1734,1735,1736,1737,1738,1739,1740,1741,1742,1743,1744,1745,1746,1747,1748,1749,1750,1751,1752,1753,1754,1755,1756,1757,1758,1759,1760,1761,1762,1763,1764,1765,1766,1767,1768,1769,1770,1771,1772,1773,1774,1775,1776,1777,1778,1779,1780,1781,1782,1783,1784,1785,1786,1787,1788,1789,1790,1791,1792,1793,1794,1795,1796,1797,1798,1799,1800,1801,1802,1803,1804,1805,1806,1807,1808,1809,1810,1811,1812,1813,1814,1815,1816,1817,1818,1819,1820,1821,1822,1823,1824,1825,1826,1827,1828,1829,1830,1831,1832,1833,1834,1835,1836,1837,1838,1839,1840,1841,1842,1843,1844,1845,1846,1847,1848,1849,1850,1851,1852,1853,1854,1855,1856,1857,1858,1859,1860,1861,1862,1863,1864,1865,1866,1867,1868,1869,1870,1871,1872,1873,1874,1875,1876,1877,1878,1879,1880,1881,1882,1883,1884,1885,1886,1887,1888,1889,1890,1891,1892,1893,1894,1895,1896,1897,1898,1899,1900,1901,1902,1903,1904,1905,1906,1907,1908,1909,1910,1911,1912,1913,1914,1915,1916,1917,1918,1919,1920,1921,1922,1923,1924,1925,1926,1927,1928,1929,1930,1931,1932,1933,1934,1935,1936,1937,1938,1939,1940,1941,1942,1943,1944,1945,1946,1947,1948,1949,1950,1951,1952,1953,1954,1955,1956,1957,1958,1959,1960,1961,1962,1963,1964,1965,1966,1967,1968,1969,1970,1971,1972,1973,1974,1975,1976,1977,1978,1979,1980,1981,1982,1983,1984,1985,1986,1987,1988,1989,1990,1991,1992,1993,1994,1995,1996,1997,1998,1999,2000,2001,2002,2003,2004,2005,2006,2007,2008,2009,2010,2011,2012,2013,2014,2015,2016,2017,2018,2019,2020,2021,2022,2023,2024,2025,2026,2027,2028,2029,2030,2031,2032,2033,2034,2035,2036,2037,2038,2039,2040,2041,2042,2043,2044,2045,2046,2047,2048,2049,2050,2051,2052,2053,2054,2055,2056,2057,2058,2059,2060,2061,2062,2063,2064,2065,2066,2067,2068,2069,2070,2071,2072,2073,2074,2075,2076,2077,2078,2079,2080,2081,2082,2083,2084,2085,2086,2087,2088,2089,2090,2091,2092,2093,2094,2095,2096,2097,2098,2099,2100,2101,2102,2103,2104,2105,2106,2107,2108,2109,2110,2111,2112,2113,2114,2115,2116,2117,2118,2119,2120,2121,2122,2123,2124,2125,2126,2127,2128,2129,2130,2131,2132,2133,2134,2135,2136,2137,2138,2139,2140,2141,2142,2143,2144,2145,2146,2147,2148,2149,2150,2151,2152,2153,2154,2155,2156,2157,2158,2159,2160,2161,2162,2163,2164,2165,2166,2167,2168,2169,2170,2171,2172,2173,2174,2175,2176,2177,2178,2179,2180,2181,2182,2183,2184,2185,2186,2187,2188,2189,2190,2191,2192,2193,2194,2195,2196,2197,2198,2199,2200,2201,2202,2203,2204,2205,2206,2207,2208,2209,2210,2211,2212,2213,2214,2215,2216,2217,2218,2219,2220,2221,2222,2223,2224,2225,2226,2227,2228,2229,2230,2231,2232,2233,2234,2235|2026-06-10 23:28:06
DATA|socfb-Amherst41|2|2|2235|-1|25405.006|TOO_LARGE||2026-06-11 06:31:31
DATA|socfb-Amherst41|3|3|2235|-1|17353.190|TOO_LARGE||2026-06-11 11:20:52
DATA|socfb-Amherst41|4|4|2235|-1|15713.608|TOO_LARGE||2026-06-11 15:42:50
DATA|socfb-Amherst41|6|6|2235|-1|14875.720|TOO_LARGE||2026-06-11 19:50:51
DATA|socfb-Amherst41|8|8|2235|-1|14655.525|TOO_LARGE||2026-06-11 23:55:11
DATA|socfb-Amherst41|10|10|2235|-1|14611.896|TOO_LARGE||2026-06-12 03:58:47
DATA|socfb-Amherst41|12|12|2235|-1|15939.858|TOO_LARGE||2026-06-12 08:24:31
DATA|socfb-Amherst41|16|16|2235|-1|16196.943|TOO_LARGE||2026-06-12 12:54:33
DATA|socfb-Bowdoin47|1|1|2252|2250|18265.833|OK|1,2,3,4,5,6,7,8,9,10,11,12,13,14,15,16,17,18,19,20,21,22,23,24,25,26,27,28,29,30,31,32,33,34,35,36,37,38,39,40,41,42,43,44,45,46,47,48,49,50,51,52,53,54,55,56,57,58,59,60,61,62,63,64,65,66,67,68,69,70,71,72,73,74,75,76,77,78,79,80,81,82,83,84,85,86,87,88,89,90,91,92,93,94,95,96,97,98,99,100,101,102,103,104,105,106,107,108,109,110,111,112,113,114,115,116,117,118,119,120,121,122,123,124,125,126,127,128,129,130,131,132,133,134,135,136,137,138,139,140,141,142,143,144,145,146,147,148,149,150,151,152,153,154,155,156,157,158,159,160,161,162,163,164,165,166,167,168,169,170,171,172,173,174,175,176,177,178,179,180,181,182,183,184,185,186,187,188,189,190,191,192,193,194,195,196,197,198,199,200,201,202,203,204,205,206,207,208,209,210,211,212,213,214,215,216,217,218,219,220,221,222,223,224,225,226,227,228,229,230,231,232,233,234,235,236,237,238,239,240,241,242,243,244,245,246,247,248,249,250,251,252,253,254,255,256,257,258,259,260,261,262,263,264,265,266,267,268,269,270,271,272,273,274,275,276,277,278,279,280,281,282,283,284,285,286,287,288,289,290,291,292,293,294,295,296,297,298,299,300,301,302,303,304,305,306,307,308,309,310,311,312,313,314,315,316,317,318,319,320,321,322,323,324,325,326,327,328,329,330,331,332,333,334,335,336,337,338,339,340,341,342,343,344,345,346,347,348,349,350,351,352,353,354,355,356,357,358,359,360,361,362,363,364,365,366,367,368,369,370,371,372,373,374,375,376,377,378,379,380,381,382,383,384,385,386,387,388,389,390,391,392,393,394,395,396,397,398,399,400,401,402,403,404,405,406,407,408,409,410,411,412,413,414,415,416,417,418,419,420,421,422,423,424,425,426,427,428,429,430,431,432,433,434,435,436,437,438,439,440,441,442,443,444,445,446,447,448,449,450,451,452,453,454,455,456,457,458,459,460,461,462,463,464,465,466,467,468,469,470,471,472,473,474,475,476,477,478,479,480,481,482,483,484,485,486,487,488,489,490,491,492,493,494,495,496,497,498,499,500,501,502,503,504,505,506,507,508,509,510,511,512,513,514,515,516,517,518,519,520,521,522,523,524,525,526,527,528,529,530,531,532,533,534,535,536,537,538,539,540,541,542,543,544,545,546,547,548,549,550,551,552,553,554,555,556,557,558,559,560,561,562,563,564,565,566,567,568,569,570,571,572,573,574,575,576,577,578,579,580,581,582,583,584,585,586,587,588,589,590,591,592,593,594,595,596,597,598,599,600,601,602,603,604,605,606,607,608,609,610,611,612,613,614,615,616,617,618,619,620,621,622,623,624,625,626,627,628,629,630,631,632,633,634,635,636,637,638,639,640,641,642,643,644,645,646,647,648,649,650,651,652,653,654,655,656,657,658,659,660,661,662,663,664,665,666,667,668,669,670,671,672,673,674,675,676,677,678,679,680,681,682,683,684,685,686,687,688,689,690,691,692,693,694,695,696,697,698,699,700,701,702,703,704,705,706,707,708,709,710,711,712,713,714,715,716,717,718,719,720,721,722,723,724,725,726,727,728,729,730,731,732,733,734,735,736,737,738,739,740,741,742,743,744,745,746,747,748,749,750,751,752,753,754,755,756,757,758,759,760,761,762,763,764,765,766,767,768,769,770,771,772,773,774,775,776,777,778,779,780,781,782,783,784,785,786,787,788,789,790,791,792,793,794,795,796,797,798,799,800,801,802,803,804,805,806,807,808,809,810,811,812,813,814,815,816,817,818,819,820,821,822,823,824,825,826,827,828,829,830,831,832,833,834,835,836,837,838,839,840,841,842,843,844,845,846,847,848,849,850,851,852,853,854,855,856,857,858,859,860,861,862,863,864,865,866,867,868,869,870,871,872,873,874,875,876,877,878,879,880,881,882,883,884,886,887,888,889,890,891,892,893,894,895,896,897,898,899,900,901,902,903,904,905,906,907,908,909,910,911,912,913,914,915,916,917,918,919,920,921,922,923,924,925,926,927,928,929,930,931,932,933,934,935,936,937,938,939,940,941,942,943,944,945,946,947,948,949,950,951,952,953,954,955,956,957,958,959,960,961,962,963,964,965,966,967,968,969,970,971,972,973,974,975,976,977,978,979,980,981,982,983,984,985,986,987,988,989,990,991,992,993,994,995,996,997,998,999,1000,1002,1003,1004,1005,1006,1007,1008,1009,1010,1011,1012,1013,1014,1015,1016,1017,1018,1019,1020,1021,1022,1023,1024,1025,1026,1027,1028,1029,1030,1031,1032,1033,1034,1035,1036,1037,1038,1039,1040,1041,1042,1043,1044,1045,1046,1047,1048,1049,1050,1051,1052,1053,1054,1055,1056,1057,1058,1059,1060,1061,1062,1063,1064,1065,1066,1067,1068,1069,1070,1071,1072,1073,1074,1075,1076,1077,1078,1079,1080,1081,1082,1083,1084,1085,1086,1087,1088,1089,1090,1091,1092,1093,1094,1095,1096,1097,1098,1099,1100,1101,1102,1103,1104,1105,1106,1107,1108,1109,1110,1111,1112,1113,1114,1115,1116,1117,1118,1119,1120,1121,1122,1123,1124,1125,1126,1127,1128,1129,1130,1131,1132,1133,1134,1135,1136,1137,1138,1139,1140,1141,1142,1143,1144,1145,1146,1147,1148,1149,1150,1151,1152,1153,1154,1155,1156,1157,1158,1159,1160,1161,1162,1163,1164,1165,1166,1167,1168,1169,1170,1171,1172,1173,1174,1175,1176,1177,1178,1179,1180,1181,1182,1183,1184,1185,1186,1187,1188,1189,1190,1191,1192,1193,1194,1195,1196,1197,1198,1199,1200,1201,1202,1203,1204,1205,1206,1207,1208,1209,1210,1211,1212,1213,1214,1215,1216,1217,1218,1219,1220,1221,1222,1223,1224,1225,1226,1227,1228,1229,1230,1231,1232,1233,1234,1235,1236,1237,1238,1239,1240,1241,1242,1243,1244,1245,1246,1247,1248,1249,1250,1251,1252,1253,1254,1255,1256,1257,1258,1259,1260,1261,1262,1263,1264,1265,1266,1267,1268,1269,1270,1271,1272,1273,1274,1275,1276,1277,1278,1279,1280,1281,1282,1283,1284,1285,1286,1287,1288,1289,1290,1291,1292,1293,1294,1295,1296,1297,1298,1299,1300,1301,1302,1303,1304,1305,1306,1307,1308,1309,1310,1311,1312,1313,1314,1315,1316,1317,1318,1319,1320,1321,1322,1323,1324,1325,1326,1327,1328,1329,1330,1331,1332,1333,1334,1335,1336,1337,1338,1339,1340,1341,1342,1343,1344,1345,1346,1347,1348,1349,1350,1351,1352,1353,1354,1355,1356,1357,1358,1359,1360,1361,1362,1363,1364,1365,1366,1367,1368,1369,1370,1371,1372,1373,1374,1375,1376,1377,1378,1379,1380,1381,1382,1383,1384,1385,1386,1387,1388,1389,1390,1391,1392,1393,1394,1395,1396,1397,1398,1399,1400,1401,1402,1403,1404,1405,1406,1407,1408,1409,1410,1411,1412,1413,1414,1415,1416,1417,1418,1419,1420,1421,1422,1423,1424,1425,1426,1427,1428,1429,1430,1431,1432,1433,1434,1435,1436,1437,1438,1439,1440,1441,1442,1443,1444,1445,1446,1447,1448,1449,1450,1451,1452,1453,1454,1455,1456,1457,1458,1459,1460,1461,1462,1463,1464,1465,1466,1467,1468,1469,1470,1471,1472,1473,1474,1475,1476,1477,1478,1479,1480,1481,1482,1483,1484,1485,1486,1487,1488,1489,1490,1491,1492,1493,1494,1495,1496,1497,1498,1499,1500,1501,1502,1503,1504,1505,1506,1507,1508,1509,1510,1511,1512,1513,1514,1515,1516,1517,1518,1519,1520,1521,1522,1523,1524,1525,1526,1527,1528,1529,1530,1531,1532,1533,1534,1535,1536,1537,1538,1539,1540,1541,1542,1543,1544,1545,1546,1547,1548,1549,1550,1551,1552,1553,1554,1555,1556,1557,1558,1559,1560,1561,1562,1563,1564,1565,1566,1567,1568,1569,1570,1571,1572,1573,1574,1575,1576,1577,1578,1579,1580,1581,1582,1583,1584,1585,1586,1587,1588,1589,1590,1591,1592,1593,1594,1595,1596,1597,1598,1599,1600,1601,1602,1603,1604,1605,1606,1607,1608,1609,1610,1611,1612,1613,1614,1615,1616,1617,1618,1619,1620,1621,1622,1623,1624,1625,1626,1627,1628,1629,1630,1631,1632,1633,1634,1635,1636,1637,1638,1639,1640,1641,1642,1643,1644,1645,1646,1647,1648,1649,1650,1651,1652,1653,1654,1655,1656,1657,1658,1659,1660,1661,1662,1663,1664,1665,1666,1667,1668,1669,1670,1671,1672,1673,1674,1675,1676,1677,1678,1679,1680,1681,1682,1683,1684,1685,1686,1687,1688,1689,1690,1691,1692,1693,1694,1695,1696,1697,1698,1699,1700,1701,1702,1703,1704,1705,1706,1707,1708,1709,1710,1711,1712,1713,1714,1715,1716,1717,1718,1719,1720,1721,1722,1723,1724,1725,1726,1727,1728,1729,1730,1731,1732,1733,1734,1735,1736,1737,1738,1739,1740,1741,1742,1743,1744,1745,1746,1747,1748,1749,1750,1751,1752,1753,1754,1755,1756,1757,1758,1759,1760,1761,1762,1763,1764,1765,1766,1767,1768,1769,1770,1771,1772,1773,1774,1775,1776,1777,1778,1779,1780,1781,1782,1783,1784,1785,1786,1787,1788,1789,1790,1791,1792,1793,1794,1795,1796,1797,1798,1799,1800,1801,1802,1803,1804,1805,1806,1807,1808,1809,1810,1811,1812,1813,1814,1815,1816,1817,1818,1819,1820,1821,1822,1823,1824,1825,1826,1827,1828,1829,1830,1831,1832,1833,1834,1835,1836,1837,1838,1839,1840,1841,1842,1843,1844,1845,1846,1847,1848,1849,1850,1851,1852,1853,1854,1855,1856,1857,1858,1859,1860,1861,1862,1863,1864,1865,1866,1867,1868,1869,1870,1871,1872,1873,1874,1875,1876,1877,1878,1879,1880,1881,1882,1883,1884,1885,1886,1887,1888,1889,1890,1891,1892,1893,1894,1895,1896,1897,1898,1899,1900,1901,1902,1903,1904,1905,1906,1907,1908,1909,1910,1911,1912,1913,1914,1915,1916,1917,1918,1919,1920,1921,1922,1923,1924,1925,1926,1927,1928,1929,1930,1931,1932,1933,1934,1935,1936,1937,1938,1939,1940,1941,1942,1943,1944,1945,1946,1947,1948,1949,1950,1951,1952,1953,1954,1955,1956,1957,1958,1959,1960,1961,1962,1963,1964,1965,1966,1967,1968,1969,1970,1971,1972,1973,1974,1975,1976,1977,1978,1979,1980,1981,1982,1983,1984,1985,1986,1987,1988,1989,1990,1991,1992,1993,1994,1995,1996,1997,1998,1999,2000,2001,2002,2003,2004,2005,2006,2007,2008,2009,2010,2011,2012,2013,2014,2015,2016,2017,2018,2019,2020,2021,2022,2023,2024,2025,2026,2027,2028,2029,2030,2031,2032,2033,2034,2035,2036,2037,2038,2039,2040,2041,2042,2043,2044,2045,2046,2047,2048,2049,2050,2051,2052,2053,2054,2055,2056,2057,2058,2059,2060,2061,2062,2063,2064,2065,2066,2067,2068,2069,2070,2071,2072,2073,2074,2075,2076,2077,2078,2079,2080,2081,2082,2083,2084,2085,2086,2087,2088,2089,2090,2091,2092,2093,2094,2095,2096,2097,2098,2099,2100,2101,2102,2103,2104,2105,2106,2107,2108,2109,2110,2111,2112,2113,2114,2115,2116,2117,2118,2119,2120,2121,2122,2123,2124,2125,2126,2127,2128,2129,2130,2131,2132,2133,2134,2135,2136,2137,2138,2139,2140,2141,2142,2143,2144,2145,2146,2147,2148,2149,2150,2151,2152,2153,2154,2155,2156,2157,2158,2159,2160,2161,2162,2163,2164,2165,2166,2167,2168,2169,2170,2171,2172,2173,2174,2175,2176,2177,2178,2179,2180,2181,2182,2183,2184,2185,2186,2187,2188,2189,2190,2191,2192,2193,2194,2195,2196,2197,2198,2199,2200,2201,2202,2203,2204,2205,2206,2207,2208,2209,2210,2211,2212,2213,2214,2215,2216,2217,2218,2219,2220,2221,2222,2223,2224,2225,2226,2227,2228,2229,2230,2231,2232,2233,2234,2235,2236,2237,2238,2239,2240,2241,2242,2243,2244,2245,2246,2247,2248,2249,2250,2251,2252|2026-06-12 17:59:08
DATA|socfb-Bowdoin47|2|2|2252|-1|34523.697|TOO_LARGE||2026-06-13 08:01:05
DATA|socfb-Bowdoin47|3|3|2252|0|0.000|TOO_LARGE||2026-06-13 08:55:19
DATA|socfb-Bowdoin47|4|4|2252|0|0.000|TOO_LARGE||2026-06-13 08:55:19
DATA|socfb-Bowdoin47|6|6|2252|0|0.000|TOO_LARGE||2026-06-13 08:55:19
DATA|socfb-Bowdoin47|8|8|2252|0|0.000|TOO_LARGE||2026-06-13 08:55:19
DATA|socfb-Bowdoin47|10|10|2252|0|0.000|TOO_LARGE||2026-06-13 08:55:19
DATA|socfb-Bowdoin47|12|12|2252|0|0.000|TOO_LARGE||2026-06-13 08:55:19
DATA|socfb-Bowdoin47|16|16|2252|0|0.000|TOO_LARGE||2026-06-13 08:55:19
DATA|socfb-Caltech36|1|1|769|255|43004.658|OK|3,7,9,11,13,17,19,22,23,24,27,32,33,34,35,40,44,54,55,61,62,66,67,68,69,70,73,74,75,82,87,90,92,94,98,99,100,101,104,106,109,111,113,116,121,123,124,132,134,135,138,139,143,147,150,155,157,159,163,168,169,172,174,176,178,182,184,189,192,194,195,201,204,205,206,207,212,221,222,223,226,230,231,232,238,243,244,252,254,255,257,258,262,264,265,269,270,272,273,278,280,287,292,297,300,302,306,311,314,315,317,318,324,326,328,329,339,340,342,343,345,347,350,351,360,363,365,366,367,369,372,374,375,378,380,385,386,388,394,397,398,400,401,402,403,410,412,415,420,426,428,432,436,437,441,456,461,464,467,474,475,484,488,492,494,496,501,502,504,505,506,507,509,513,514,523,527,531,532,533,536,538,540,542,544,545,547,548,564,566,567,572,575,577,579,580,581,583,586,588,597,599,606,608,613,616,617,625,627,629,630,633,634,635,638,648,659,662,663,664,670,672,674,677,681,684,693,702,703,704,707,708,709,712,713,715,720,721,723,725,729,730,731,733,734,740,743,744,746,749,751,754,759,767,768|2026-06-13 20:52:04
DATA|socfb-Caltech36|2|2|769|0|0.000|TOO_LARGE||2026-06-13 20:52:04
DATA|socfb-Caltech36|3|3|769|0|0.000|TOO_LARGE||2026-06-13 20:52:04
DATA|socfb-Caltech36|4|4|769|0|0.000|TOO_LARGE||2026-06-13 20:52:04
DATA|socfb-Caltech36|6|6|769|0|0.000|TOO_LARGE||2026-06-13 20:52:04
DATA|socfb-Caltech36|8|8|769|0|0.000|TOO_LARGE||2026-06-13 20:52:04
DATA|socfb-Caltech36|10|10|769|0|0.000|TOO_LARGE||2026-06-13 20:52:04
DATA|socfb-Caltech36|12|12|769|0|0.000|TOO_LARGE||2026-06-13 20:52:04
DATA|socfb-Caltech36|16|16|769|0|0.000|TOO_LARGE||2026-06-13 20:52:04
DATA|socfb-Colgate88|1|1|3482|-1|0.000|TOO_LARGE||2026-06-14 08:09:59
DATA|socfb-Colgate88|2|2|3482|0|0.000|TOO_LARGE||2026-06-14 08:09:59
DATA|socfb-Colgate88|3|3|3482|0|0.000|TOO_LARGE||2026-06-14 08:09:59
DATA|socfb-Colgate88|4|4|3482|0|0.000|TOO_LARGE||2026-06-14 08:09:59
DATA|socfb-Colgate88|6|6|3482|0|0.000|TOO_LARGE||2026-06-14 08:09:59
DATA|socfb-Colgate88|8|8|3482|0|0.000|TOO_LARGE||2026-06-14 08:09:59
DATA|socfb-Colgate88|10|10|3482|0|0.000|TOO_LARGE||2026-06-14 08:09:59
DATA|socfb-Colgate88|12|12|3482|0|0.000|TOO_LARGE||2026-06-14 08:09:59
DATA|socfb-Colgate88|16|16|3482|0|0.000|TOO_LARGE||2026-06-14 08:09:59
DATA|socfb-Hamilton46|1|1|2314|2314|21044.669|OK|1,2,3,4,5,6,7,8,9,10,11,12,13,14,15,16,17,18,19,20,21,22,23,24,25,26,27,28,29,30,31,32,33,34,35,36,37,38,39,40,41,42,43,44,45,46,47,48,49,50,51,52,53,54,55,56,57,58,59,60,61,62,63,64,65,66,67,68,69,70,71,72,73,74,75,76,77,78,79,80,81,82,83,84,85,86,87,88,89,90,91,92,93,94,95,96,97,98,99,100,101,102,103,104,105,106,107,108,109,110,111,112,113,114,115,116,117,118,119,120,121,122,123,124,125,126,127,128,129,130,131,132,133,134,135,136,137,138,139,140,141,142,143,144,145,146,147,148,149,150,151,152,153,154,155,156,157,158,159,160,161,162,163,164,165,166,167,168,169,170,171,172,173,174,175,176,177,178,179,180,181,182,183,184,185,186,187,188,189,190,191,192,193,194,195,196,197,198,199,200,201,202,203,204,205,206,207,208,209,210,211,212,213,214,215,216,217,218,219,220,221,222,223,224,225,226,227,228,229,230,231,232,233,234,235,236,237,238,239,240,241,242,243,244,245,246,247,248,249,250,251,252,253,254,255,256,257,258,259,260,261,262,263,264,265,266,267,268,269,270,271,272,273,274,275,276,277,278,279,280,281,282,283,284,285,286,287,288,289,290,291,292,293,294,295,296,297,298,299,300,301,302,303,304,305,306,307,308,309,310,311,312,313,314,315,316,317,318,319,320,321,322,323,324,325,326,327,328,329,330,331,332,333,334,335,336,337,338,339,340,341,342,343,344,345,346,347,348,349,350,351,352,353,354,355,356,357,358,359,360,361,362,363,364,365,366,367,368,369,370,371,372,373,374,375,376,377,378,379,380,381,382,383,384,385,386,387,388,389,390,391,392,393,394,395,396,397,398,399,400,401,402,403,404,405,406,407,408,409,410,411,412,413,414,415,416,417,418,419,420,421,422,423,424,425,426,427,428,429,430,431,432,433,434,435,436,437,438,439,440,441,442,443,444,445,446,447,448,449,450,451,452,453,454,455,456,457,458,459,460,461,462,463,464,465,466,467,468,469,470,471,472,473,474,475,476,477,478,479,480,481,482,483,484,485,486,487,488,489,490,491,492,493,494,495,496,497,498,499,500,501,502,503,504,505,506,507,508,509,510,511,512,513,514,515,516,517,518,519,520,521,522,523,524,525,526,527,528,529,530,531,532,533,534,535,536,537,538,539,540,541,542,543,544,545,546,547,548,549,550,551,552,553,554,555,556,557,558,559,560,561,562,563,564,565,566,567,568,569,570,571,572,573,574,575,576,577,578,579,580,581,582,583,584,585,586,587,588,589,590,591,592,593,594,595,596,597,598,599,600,601,602,603,604,605,606,607,608,609,610,611,612,613,614,615,616,617,618,619,620,621,622,623,624,625,626,627,628,629,630,631,632,633,634,635,636,637,638,639,640,641,642,643,644,645,646,647,648,649,650,651,652,653,654,655,656,657,658,659,660,661,662,663,664,665,666,667,668,669,670,671,672,673,674,675,676,677,678,679,680,681,682,683,684,685,686,687,688,689,690,691,692,693,694,695,696,697,698,699,700,701,702,703,704,705,706,707,708,709,710,711,712,713,714,715,716,717,718,719,720,721,722,723,724,725,726,727,728,729,730,731,732,733,734,735,736,737,738,739,740,741,742,743,744,745,746,747,748,749,750,751,752,753,754,755,756,757,758,759,760,761,762,763,764,765,766,767,768,769,770,771,772,773,774,775,776,777,778,779,780,781,782,783,784,785,786,787,788,789,790,791,792,793,794,795,796,797,798,799,800,801,802,803,804,805,806,807,808,809,810,811,812,813,814,815,816,817,818,819,820,821,822,823,824,825,826,827,828,829,830,831,832,833,834,835,836,837,838,839,840,841,842,843,844,845,846,847,848,849,850,851,852,853,854,855,856,857,858,859,860,861,862,863,864,865,866,867,868,869,870,871,872,873,874,875,876,877,878,879,880,881,882,883,884,885,886,887,888,889,890,891,892,893,894,895,896,897,898,899,900,901,902,903,904,905,906,907,908,909,910,911,912,913,914,915,916,917,918,919,920,921,922,923,924,925,926,927,928,929,930,931,932,933,934,935,936,937,938,939,940,941,942,943,944,945,946,947,948,949,950,951,952,953,954,955,956,957,958,959,960,961,962,963,964,965,966,967,968,969,970,971,972,973,974,975,976,977,978,979,980,981,982,983,984,985,986,987,988,989,990,991,992,993,994,995,996,997,998,999,1000,1001,1002,1003,1004,1005,1006,1007,1008,1009,1010,1011,1012,1013,1014,1015,1016,1017,1018,1019,1020,1021,1022,1023,1024,1025,1026,1027,1028,1029,1030,1031,1032,1033,1034,1035,1036,1037,1038,1039,1040,1041,1042,1043,1044,1045,1046,1047,1048,1049,1050,1051,1052,1053,1054,1055,1056,1057,1058,1059,1060,1061,1062,1063,1064,1065,1066,1067,1068,1069,1070,1071,1072,1073,1074,1075,1076,1077,1078,1079,1080,1081,1082,1083,1084,1085,1086,1087,1088,1089,1090,1091,1092,1093,1094,1095,1096,1097,1098,1099,1100,1101,1102,1103,1104,1105,1106,1107,1108,1109,1110,1111,1112,1113,1114,1115,1116,1117,1118,1119,1120,1121,1122,1123,1124,1125,1126,1127,1128,1129,1130,1131,1132,1133,1134,1135,1136,1137,1138,1139,1140,1141,1142,1143,1144,1145,1146,1147,1148,1149,1150,1151,1152,1153,1154,1155,1156,1157,1158,1159,1160,1161,1162,1163,1164,1165,1166,1167,1168,1169,1170,1171,1172,1173,1174,1175,1176,1177,1178,1179,1180,1181,1182,1183,1184,1185,1186,1187,1188,1189,1190,1191,1192,1193,1194,1195,1196,1197,1198,1199,1200,1201,1202,1203,1204,1205,1206,1207,1208,1209,1210,1211,1212,1213,1214,1215,1216,1217,1218,1219,1220,1221,1222,1223,1224,1225,1226,1227,1228,1229,1230,1231,1232,1233,1234,1235,1236,1237,1238,1239,1240,1241,1242,1243,1244,1245,1246,1247,1248,1249,1250,1251,1252,1253,1254,1255,1256,1257,1258,1259,1260,1261,1262,1263,1264,1265,1266,1267,1268,1269,1270,1271,1272,1273,1274,1275,1276,1277,1278,1279,1280,1281,1282,1283,1284,1285,1286,1287,1288,1289,1290,1291,1292,1293,1294,1295,1296,1297,1298,1299,1300,1301,1302,1303,1304,1305,1306,1307,1308,1309,1310,1311,1312,1313,1314,1315,1316,1317,1318,1319,1320,1321,1322,1323,1324,1325,1326,1327,1328,1329,1330,1331,1332,1333,1334,1335,1336,1337,1338,1339,1340,1341,1342,1343,1344,1345,1346,1347,1348,1349,1350,1351,1352,1353,1354,1355,1356,1357,1358,1359,1360,1361,1362,1363,1364,1365,1366,1367,1368,1369,1370,1371,1372,1373,1374,1375,1376,1377,1378,1379,1380,1381,1382,1383,1384,1385,1386,1387,1388,1389,1390,1391,1392,1393,1394,1395,1396,1397,1398,1399,1400,1401,1402,1403,1404,1405,1406,1407,1408,1409,1410,1411,1412,1413,1414,1415,1416,1417,1418,1419,1420,1421,1422,1423,1424,1425,1426,1427,1428,1429,1430,1431,1432,1433,1434,1435,1436,1437,1438,1439,1440,1441,1442,1443,1444,1445,1446,1447,1448,1449,1450,1451,1452,1453,1454,1455,1456,1457,1458,1459,1460,1461,1462,1463,1464,1465,1466,1467,1468,1469,1470,1471,1472,1473,1474,1475,1476,1477,1478,1479,1480,1481,1482,1483,1484,1485,1486,1487,1488,1489,1490,1491,1492,1493,1494,1495,1496,1497,1498,1499,1500,1501,1502,1503,1504,1505,1506,1507,1508,1509,1510,1511,1512,1513,1514,1515,1516,1517,1518,1519,1520,1521,1522,1523,1524,1525,1526,1527,1528,1529,1530,1531,1532,1533,1534,1535,1536,1537,1538,1539,1540,1541,1542,1543,1544,1545,1546,1547,1548,1549,1550,1551,1552,1553,1554,1555,1556,1557,1558,1559,1560,1561,1562,1563,1564,1565,1566,1567,1568,1569,1570,1571,1572,1573,1574,1575,1576,1577,1578,1579,1580,1581,1582,1583,1584,1585,1586,1587,1588,1589,1590,1591,1592,1593,1594,1595,1596,1597,1598,1599,1600,1601,1602,1603,1604,1605,1606,1607,1608,1609,1610,1611,1612,1613,1614,1615,1616,1617,1618,1619,1620,1621,1622,1623,1624,1625,1626,1627,1628,1629,1630,1631,1632,1633,1634,1635,1636,1637,1638,1639,1640,1641,1642,1643,1644,1645,1646,1647,1648,1649,1650,1651,1652,1653,1654,1655,1656,1657,1658,1659,1660,1661,1662,1663,1664,1665,1666,1667,1668,1669,1670,1671,1672,1673,1674,1675,1676,1677,1678,1679,1680,1681,1682,1683,1684,1685,1686,1687,1688,1689,1690,1691,1692,1693,1694,1695,1696,1697,1698,1699,1700,1701,1702,1703,1704,1705,1706,1707,1708,1709,1710,1711,1712,1713,1714,1715,1716,1717,1718,1719,1720,1721,1722,1723,1724,1725,1726,1727,1728,1729,1730,1731,1732,1733,1734,1735,1736,1737,1738,1739,1740,1741,1742,1743,1744,1745,1746,1747,1748,1749,1750,1751,1752,1753,1754,1755,1756,1757,1758,1759,1760,1761,1762,1763,1764,1765,1766,1767,1768,1769,1770,1771,1772,1773,1774,1775,1776,1777,1778,1779,1780,1781,1782,1783,1784,1785,1786,1787,1788,1789,1790,1791,1792,1793,1794,1795,1796,1797,1798,1799,1800,1801,1802,1803,1804,1805,1806,1807,1808,1809,1810,1811,1812,1813,1814,1815,1816,1817,1818,1819,1820,1821,1822,1823,1824,1825,1826,1827,1828,1829,1830,1831,1832,1833,1834,1835,1836,1837,1838,1839,1840,1841,1842,1843,1844,1845,1846,1847,1848,1849,1850,1851,1852,1853,1854,1855,1856,1857,1858,1859,1860,1861,1862,1863,1864,1865,1866,1867,1868,1869,1870,1871,1872,1873,1874,1875,1876,1877,1878,1879,1880,1881,1882,1883,1884,1885,1886,1887,1888,1889,1890,1891,1892,1893,1894,1895,1896,1897,1898,1899,1900,1901,1902,1903,1904,1905,1906,1907,1908,1909,1910,1911,1912,1913,1914,1915,1916,1917,1918,1919,1920,1921,1922,1923,1924,1925,1926,1927,1928,1929,1930,1931,1932,1933,1934,1935,1936,1937,1938,1939,1940,1941,1942,1943,1944,1945,1946,1947,1948,1949,1950,1951,1952,1953,1954,1955,1956,1957,1958,1959,1960,1961,1962,1963,1964,1965,1966,1967,1968,1969,1970,1971,1972,1973,1974,1975,1976,1977,1978,1979,1980,1981,1982,1983,1984,1985,1986,1987,1988,1989,1990,1991,1992,1993,1994,1995,1996,1997,1998,1999,2000,2001,2002,2003,2004,2005,2006,2007,2008,2009,2010,2011,2012,2013,2014,2015,2016,2017,2018,2019,2020,2021,2022,2023,2024,2025,2026,2027,2028,2029,2030,2031,2032,2033,2034,2035,2036,2037,2038,2039,2040,2041,2042,2043,2044,2045,2046,2047,2048,2049,2050,2051,2052,2053,2054,2055,2056,2057,2058,2059,2060,2061,2062,2063,2064,2065,2066,2067,2068,2069,2070,2071,2072,2073,2074,2075,2076,2077,2078,2079,2080,2081,2082,2083,2084,2085,2086,2087,2088,2089,2090,2091,2092,2093,2094,2095,2096,2097,2098,2099,2100,2101,2102,2103,2104,2105,2106,2107,2108,2109,2110,2111,2112,2113,2114,2115,2116,2117,2118,2119,2120,2121,2122,2123,2124,2125,2126,2127,2128,2129,2130,2131,2132,2133,2134,2135,2136,2137,2138,2139,2140,2141,2142,2143,2144,2145,2146,2147,2148,2149,2150,2151,2152,2153,2154,2155,2156,2157,2158,2159,2160,2161,2162,2163,2164,2165,2166,2167,2168,2169,2170,2171,2172,2173,2174,2175,2176,2177,2178,2179,2180,2181,2182,2183,2184,2185,2186,2187,2188,2189,2190,2191,2192,2193,2194,2195,2196,2197,2198,2199,2200,2201,2202,2203,2204,2205,2206,2207,2208,2209,2210,2211,2212,2213,2214,2215,2216,2217,2218,2219,2220,2221,2222,2223,2224,2225,2226,2227,2228,2229,2230,2231,2232,2233,2234,2235,2236,2237,2238,2239,2240,2241,2242,2243,2244,2245,2246,2247,2248,2249,2250,2251,2252,2253,2254,2255,2256,2257,2258,2259,2260,2261,2262,2263,2264,2265,2266,2267,2268,2269,2270,2271,2272,2273,2274,2275,2276,2277,2278,2279,2280,2281,2282,2283,2284,2285,2286,2287,2288,2289,2290,2291,2292,2293,2294,2295,2296,2297,2298,2299,2300,2301,2302,2303,2304,2305,2306,2307,2308,2309,2310,2311,2312,2313,2314|2026-06-14 14:00:51
DATA|socfb-Hamilton46|2|2|2314|0|0.000|TOO_LARGE||2026-06-14 14:00:51
DATA|socfb-Hamilton46|3|3|2314|0|0.000|TOO_LARGE||2026-06-14 14:00:51
DATA|socfb-Hamilton46|4|4|2314|0|0.000|TOO_LARGE||2026-06-14 14:00:51
DATA|socfb-Hamilton46|6|6|2314|0|0.000|TOO_LARGE||2026-06-14 14:00:51
DATA|socfb-Hamilton46|8|8|2314|0|0.000|TOO_LARGE||2026-06-14 14:00:51
DATA|socfb-Hamilton46|10|10|2314|0|0.000|TOO_LARGE||2026-06-14 14:00:51
DATA|socfb-Hamilton46|12|12|2314|0|0.000|TOO_LARGE||2026-06-14 14:00:51
DATA|socfb-Hamilton46|16|16|2314|0|0.000|TOO_LARGE||2026-06-14 14:00:51
DATA|socfb-Haverford76|1|1|1446|339|7422.453|OK|5,8,31,36,41,47,51,54,55,62,70,73,75,79,82,86,87,89,90,92,94,95,96,97,98,108,110,127,132,133,139,156,163,169,182,196,199,203,210,213,233,237,250,252,255,257,273,276,282,284,288,292,294,298,301,303,312,313,317,318,333,345,346,352,361,376,378,380,381,382,388,416,420,429,433,438,442,447,448,456,458,462,464,465,470,471,484,485,490,502,508,511,512,514,516,520,523,528,536,542,547,551,555,565,568,571,573,574,576,583,585,586,589,597,605,606,611,616,617,618,619,622,623,625,632,634,635,641,646,647,651,652,656,658,660,661,663,665,666,669,675,677,678,679,681,682,692,695,696,708,712,713,716,725,726,729,730,731,733,734,735,742,747,748,749,750,756,760,766,768,769,770,771,775,779,784,785,787,788,791,792,796,798,800,801,803,804,805,806,807,809,811,812,814,815,818,819,820,824,826,827,831,832,833,834,835,838,839,841,842,844,845,847,848,854,857,860,861,862,863,864,865,867,869,870,871,873,874,875,879,882,883,884,885,889,892,893,895,896,897,902,903,904,906,907,908,910,912,913,914,917,918,919,920,923,924,926,927,931,933,935,936,937,940,942,943,944,945,946,947,950,951,953,954,957,960,961,962,963,964,965,967,969,970,971,973,975,976,977,979,980,983,985,986,987,988,989,990,992,994,995,996,997,998,999,1000,1090,1095,1098,1107,1132,1181,1208,1211,1265,1274,1283,1289,1293,1296,1299,1323,1326,1329,1338,1344,1346,1349,1354,1367,1379,1388,1399,1408,1411,1413,1417,1420,1444|2026-06-14 16:04:37
DATA|socfb-Haverford76|2|2|1446|0|0.000|TOO_LARGE||2026-06-14 16:04:37
DATA|socfb-Haverford76|3|3|1446|0|0.000|TOO_LARGE||2026-06-14 16:04:37
DATA|socfb-Haverford76|4|4|1446|0|0.000|TOO_LARGE||2026-06-14 16:04:37
DATA|socfb-Haverford76|6|6|1446|0|0.000|TOO_LARGE||2026-06-14 16:04:37
DATA|socfb-Haverford76|8|8|1446|0|0.000|TOO_LARGE||2026-06-14 16:04:37
DATA|socfb-Haverford76|10|10|1446|0|0.000|TOO_LARGE||2026-06-14 16:04:37
DATA|socfb-Haverford76|12|12|1446|0|0.000|TOO_LARGE||2026-06-14 16:04:37
DATA|socfb-Haverford76|16|16|1446|0|0.000|TOO_LARGE||2026-06-14 16:04:37
DATA|socfb-Mich67|1|1|3748|-1|0.000|TOO_LARGE||2026-06-15 12:14:54
DATA|socfb-Mich67|2|2|3748|0|0.000|TOO_LARGE||2026-06-15 12:14:54
DATA|socfb-Mich67|3|3|3748|0|0.000|TOO_LARGE||2026-06-15 12:14:54
DATA|socfb-Mich67|4|4|3748|0|0.000|TOO_LARGE||2026-06-15 12:14:54
DATA|socfb-Mich67|6|6|3748|0|0.000|TOO_LARGE||2026-06-15 12:14:54
DATA|socfb-Mich67|8|8|3748|0|0.000|TOO_LARGE||2026-06-15 12:14:54
DATA|socfb-Mich67|10|10|3748|0|0.000|TOO_LARGE||2026-06-15 12:14:54
DATA|socfb-Mich67|12|12|3748|0|0.000|TOO_LARGE||2026-06-15 12:14:54
DATA|socfb-Mich67|16|16|3748|0|0.000|TOO_LARGE||2026-06-15 12:14:54
DATA|socfb-Middlebury45|1|1|3075|-1|28800.108|TIMEOUT||2026-06-16 19:11:05
DATA|socfb-Middlebury45|2|2|3075|-1|0.000|RAM_LIMIT||2026-06-17 01:35:51
DATA|socfb-Middlebury45|3|3|3075|-1|0.000|RAM_LIMIT||2026-06-17 07:32:40
DATA|socfb-Middlebury45|4|4|3075|-1|0.000|RAM_LIMIT||2026-06-17 12:43:45
DATA|socfb-Middlebury45|6|6|3075|-1|0.000|RAM_LIMIT||2026-06-17 17:18:16
DATA|socfb-Middlebury45|8|8|3075|-1|0.000|RAM_LIMIT||2026-06-17 21:39:44
DATA|socfb-Middlebury45|10|10|3075|-1|0.000|RAM_LIMIT||2026-06-18 02:12:26
DATA|socfb-Middlebury45|12|12|3075|-1|0.000|RAM_LIMIT||2026-06-18 07:03:26
DATA|socfb-Middlebury45|16|16|3075|-1|0.000|RAM_LIMIT||2026-06-18 12:08:37
DATA|socfb-Oberlin44|1|1|2920|-1|28800.107|TIMEOUT||2026-06-18 20:08:39
DATA|socfb-Oberlin44|2|2|2920|-1|28800.105|TIMEOUT||2026-06-19 04:08:41
DATA|socfb-Oberlin44|3|3|2920|-1|28800.126|TIMEOUT||2026-06-19 12:08:43
DATA|socfb-Oberlin44|4|4|2920|-1|0.000|RAM_LIMIT||2026-06-19 18:23:28
DATA|socfb-Oberlin44|6|6|2920|-1|0.000|RAM_LIMIT||2026-06-20 00:18:17
DATA|socfb-Oberlin44|8|8|2920|-1|0.000|RAM_LIMIT||2026-06-20 05:47:26
DATA|MadridAdj|3|3|54|-1|0.000|RAM_LIMIT||2026-06-20 08:44:54
DATA|MadridAdj|4|4|54|-1|0.000|RAM_LIMIT||2026-06-20 08:44:54
DATA|MadridAdj|6|6|54|-1|0.000|RAM_LIMIT||2026-06-20 08:44:54
DATA|MadridAdj|8|8|54|-1|0.000|RAM_LIMIT||2026-06-20 08:44:54
DATA|MadridAdj|10|10|54|-1|0.000|RAM_LIMIT||2026-06-20 08:44:54
DATA|MadridAdj|12|12|54|-1|0.000|RAM_LIMIT||2026-06-20 08:44:54
DATA|MadridAdj|16|16|54|-1|0.000|RAM_LIMIT||2026-06-20 08:44:54
DATA|ZerkaniAdj|4|4|39|-1|0.000|RAM_LIMIT||2026-06-20 08:44:54
DATA|ZerkaniAdj|6|6|39|-1|0.000|RAM_LIMIT||2026-06-20 08:44:54
DATA|ZerkaniAdj|8|8|39|-1|0.000|RAM_LIMIT||2026-06-20 08:44:54
DATA|ZerkaniAdj|10|10|39|-1|0.000|RAM_LIMIT||2026-06-20 08:44:54
DATA|ZerkaniAdj|12|12|39|-1|0.000|RAM_LIMIT||2026-06-20 08:44:54
DATA|ZerkaniAdj|16|16|39|-1|0.000|RAM_LIMIT||2026-06-20 08:44:54
DATA|ca-CondMat|2|2|21363|-1|0.000|RAM_LIMIT||2026-06-20 08:44:54
DATA|ca-CondMat|3|3|21363|-1|0.000|RAM_LIMIT||2026-06-20 08:44:54
DATA|ca-CondMat|4|4|21363|-1|0.000|RAM_LIMIT||2026-06-20 08:44:54
DATA|ca-CondMat|6|6|21363|-1|0.000|RAM_LIMIT||2026-06-20 08:44:54
DATA|ca-CondMat|8|8|21363|-1|0.000|RAM_LIMIT||2026-06-20 08:44:54
DATA|ca-CondMat|10|10|21363|-1|0.000|RAM_LIMIT||2026-06-20 08:44:54
DATA|ca-CondMat|12|12|21363|-1|0.000|RAM_LIMIT||2026-06-20 08:44:54
DATA|ca-CondMat|16|16|21363|-1|0.000|RAM_LIMIT||2026-06-20 08:44:54
DATA|ca-Erdos992|3|3|183|-1|0.000|RAM_LIMIT||2026-06-20 08:44:54
DATA|ca-Erdos992|4|4|183|-1|0.000|RAM_LIMIT||2026-06-20 08:44:54
DATA|ca-Erdos992|6|6|183|-1|0.000|RAM_LIMIT||2026-06-20 08:44:54
DATA|ca-Erdos992|8|8|183|-1|0.000|RAM_LIMIT||2026-06-20 08:44:54
DATA|ca-Erdos992|10|10|183|-1|0.000|RAM_LIMIT||2026-06-20 08:44:54
DATA|ca-Erdos992|12|12|183|-1|0.000|RAM_LIMIT||2026-06-20 08:44:54
DATA|ca-Erdos992|16|16|183|-1|0.000|RAM_LIMIT||2026-06-20 08:44:54
DATA|ca-GrQc|2|2|4158|-1|0.000|RAM_LIMIT||2026-06-20 08:44:54
DATA|ca-GrQc|3|3|4158|-1|0.000|RAM_LIMIT||2026-06-20 08:44:54
DATA|ca-GrQc|4|4|4158|-1|0.000|RAM_LIMIT||2026-06-20 08:44:54
DATA|ca-GrQc|6|6|4158|-1|0.000|RAM_LIMIT||2026-06-20 08:44:54
DATA|ca-GrQc|8|8|4158|-1|0.000|RAM_LIMIT||2026-06-20 08:44:54
DATA|ca-GrQc|10|10|4158|-1|0.000|RAM_LIMIT||2026-06-20 08:44:54
DATA|ca-GrQc|12|12|4158|-1|0.000|RAM_LIMIT||2026-06-20 08:44:54
DATA|ca-GrQc|16|16|4158|-1|0.000|RAM_LIMIT||2026-06-20 08:44:54
DATA|ca-citeseer|1|1|227320|-1|0.000|RAM_LIMIT||2026-06-20 08:44:54
DATA|ca-citeseer|2|2|227320|-1|0.000|RAM_LIMIT||2026-06-20 08:44:54
DATA|ca-citeseer|3|3|227320|-1|0.000|RAM_LIMIT||2026-06-20 08:44:54
DATA|ca-citeseer|4|4|227320|-1|0.000|RAM_LIMIT||2026-06-20 08:44:54
DATA|ca-citeseer|6|6|227320|-1|0.000|RAM_LIMIT||2026-06-20 08:44:54
DATA|ca-citeseer|8|8|227320|-1|0.000|RAM_LIMIT||2026-06-20 08:44:54
DATA|ca-citeseer|10|10|227320|-1|0.000|RAM_LIMIT||2026-06-20 08:44:54
DATA|ca-citeseer|12|12|227320|-1|0.000|RAM_LIMIT||2026-06-20 08:44:54
DATA|ca-citeseer|16|16|227320|-1|0.000|RAM_LIMIT||2026-06-20 08:44:54
DATA|ca-dblp-2010|1|1|226413|-1|0.000|RAM_LIMIT||2026-06-20 08:44:54
DATA|ca-dblp-2010|2|2|226413|-1|0.000|RAM_LIMIT||2026-06-20 08:44:54
DATA|ca-dblp-2010|3|3|226413|-1|0.000|RAM_LIMIT||2026-06-20 08:44:54
DATA|ca-dblp-2010|4|4|226413|-1|0.000|RAM_LIMIT||2026-06-20 08:44:54
DATA|ca-dblp-2010|6|6|226413|-1|0.000|RAM_LIMIT||2026-06-20 08:44:54
DATA|ca-dblp-2010|8|8|226413|-1|0.000|RAM_LIMIT||2026-06-20 08:44:54
DATA|ca-dblp-2010|10|10|226413|-1|0.000|RAM_LIMIT||2026-06-20 08:44:54
DATA|ca-dblp-2010|12|12|226413|-1|0.000|RAM_LIMIT||2026-06-20 08:44:54
DATA|ca-dblp-2010|16|16|226413|-1|0.000|RAM_LIMIT||2026-06-20 08:44:54
DATA|ca-sandi_auths|4|4|35|-1|0.000|RAM_LIMIT||2026-06-20 08:44:54
DATA|ca-sandi_auths|6|6|35|-1|0.000|RAM_LIMIT||2026-06-20 08:44:54
DATA|ca-sandi_auths|8|8|35|-1|0.000|RAM_LIMIT||2026-06-20 08:44:54
DATA|ca-sandi_auths|10|10|35|-1|0.000|RAM_LIMIT||2026-06-20 08:44:54
DATA|ca-sandi_auths|12|12|35|-1|0.000|RAM_LIMIT||2026-06-20 08:44:54
DATA|ca-sandi_auths|16|16|35|-1|0.000|RAM_LIMIT||2026-06-20 08:44:54
DATA|inf-USAir97|2|2|332|-1|0.000|RAM_LIMIT||2026-06-20 08:44:54
DATA|inf-USAir97|3|3|332|-1|0.000|RAM_LIMIT||2026-06-20 08:44:54
DATA|inf-USAir97|4|4|332|-1|0.000|RAM_LIMIT||2026-06-20 08:44:54
DATA|inf-USAir97|6|6|332|-1|0.000|RAM_LIMIT||2026-06-20 08:44:54
DATA|inf-USAir97|8|8|332|-1|0.000|RAM_LIMIT||2026-06-20 08:44:54
DATA|inf-USAir97|10|10|332|-1|0.000|RAM_LIMIT||2026-06-20 08:44:54
DATA|inf-USAir97|12|12|332|-1|0.000|RAM_LIMIT||2026-06-20 08:44:54
DATA|inf-USAir97|16|16|332|-1|0.000|RAM_LIMIT||2026-06-20 08:44:54
DATA|power-1138-bus|2|2|1138|-1|0.000|RAM_LIMIT||2026-06-20 08:44:54
DATA|power-1138-bus|3|3|1138|-1|0.000|RAM_LIMIT||2026-06-20 08:44:54
DATA|power-1138-bus|4|4|1138|-1|0.000|RAM_LIMIT||2026-06-20 08:44:54
DATA|power-1138-bus|6|6|1138|-1|0.000|RAM_LIMIT||2026-06-20 08:44:54
DATA|power-1138-bus|8|8|1138|-1|0.000|RAM_LIMIT||2026-06-20 08:44:54
DATA|power-1138-bus|10|10|1138|-1|0.000|RAM_LIMIT||2026-06-20 08:44:54
DATA|power-1138-bus|12|12|1138|-1|0.000|RAM_LIMIT||2026-06-20 08:44:54
DATA|power-1138-bus|16|16|1138|-1|0.000|RAM_LIMIT||2026-06-20 08:44:54
DATA|power-494-bus|2|2|494|-1|0.000|RAM_LIMIT||2026-06-20 08:44:54
DATA|power-494-bus|3|3|494|-1|0.000|RAM_LIMIT||2026-06-20 08:44:54
DATA|power-494-bus|4|4|494|-1|0.000|RAM_LIMIT||2026-06-20 08:44:54
DATA|power-494-bus|6|6|494|-1|0.000|RAM_LIMIT||2026-06-20 08:44:54
DATA|power-494-bus|8|8|494|-1|0.000|RAM_LIMIT||2026-06-20 08:44:54
DATA|power-494-bus|10|10|494|-1|0.000|RAM_LIMIT||2026-06-20 08:44:54
DATA|power-494-bus|12|12|494|-1|0.000|RAM_LIMIT||2026-06-20 08:44:54
DATA|power-494-bus|16|16|494|-1|0.000|RAM_LIMIT||2026-06-20 08:44:54
DATA|power-685-bus|2|2|685|-1|0.000|RAM_LIMIT||2026-06-20 08:44:54
DATA|power-685-bus|3|3|685|-1|0.000|RAM_LIMIT||2026-06-20 08:44:54
DATA|power-685-bus|4|4|685|-1|0.000|RAM_LIMIT||2026-06-20 08:44:54
DATA|power-685-bus|6|6|685|-1|0.000|RAM_LIMIT||2026-06-20 08:44:54
DATA|power-685-bus|8|8|685|-1|0.000|RAM_LIMIT||2026-06-20 08:44:54
DATA|power-685-bus|10|10|685|-1|0.000|RAM_LIMIT||2026-06-20 08:44:54
DATA|power-685-bus|12|12|685|-1|0.000|RAM_LIMIT||2026-06-20 08:44:54
DATA|power-685-bus|16|16|685|-1|0.000|RAM_LIMIT||2026-06-20 08:44:54
DATA|power-US-Grid|2|2|4941|-1|0.000|RAM_LIMIT||2026-06-20 08:44:54
DATA|power-US-Grid|3|3|4941|-1|0.000|RAM_LIMIT||2026-06-20 08:44:54
DATA|power-US-Grid|4|4|4941|-1|0.000|RAM_LIMIT||2026-06-20 08:44:54
DATA|power-US-Grid|6|6|4941|-1|0.000|RAM_LIMIT||2026-06-20 08:44:54
DATA|power-US-Grid|8|8|4941|-1|0.000|RAM_LIMIT||2026-06-20 08:44:54
DATA|power-US-Grid|10|10|4941|-1|0.000|RAM_LIMIT||2026-06-20 08:44:54
DATA|power-US-Grid|12|12|4941|-1|0.000|RAM_LIMIT||2026-06-20 08:44:54
DATA|power-US-Grid|16|16|4941|-1|0.000|RAM_LIMIT||2026-06-20 08:44:54
DATA|power-bcspwr09|2|2|1723|-1|0.000|RAM_LIMIT||2026-06-20 08:44:54
DATA|power-bcspwr09|3|3|1723|-1|0.000|RAM_LIMIT||2026-06-20 08:44:54
DATA|power-bcspwr09|4|4|1723|-1|0.000|RAM_LIMIT||2026-06-20 08:44:54
DATA|power-bcspwr09|6|6|1723|-1|0.000|RAM_LIMIT||2026-06-20 08:44:54
DATA|power-bcspwr09|8|8|1723|-1|0.000|RAM_LIMIT||2026-06-20 08:44:54
DATA|power-bcspwr09|10|10|1723|-1|0.000|RAM_LIMIT||2026-06-20 08:44:54
DATA|power-bcspwr09|12|12|1723|-1|0.000|RAM_LIMIT||2026-06-20 08:44:54
DATA|power-bcspwr09|16|16|1723|-1|0.000|RAM_LIMIT||2026-06-20 08:44:54
DATA|power-eris1176|2|2|1176|-1|0.000|RAM_LIMIT||2026-06-20 08:44:54
DATA|power-eris1176|3|3|1176|-1|0.000|RAM_LIMIT||2026-06-20 08:44:54
DATA|power-eris1176|4|4|1176|-1|0.000|RAM_LIMIT||2026-06-20 08:44:54
DATA|power-eris1176|6|6|1176|-1|0.000|RAM_LIMIT||2026-06-20 08:44:54
DATA|power-eris1176|8|8|1176|-1|0.000|RAM_LIMIT||2026-06-20 08:44:54
DATA|power-eris1176|10|10|1176|-1|0.000|RAM_LIMIT||2026-06-20 08:44:54
DATA|power-eris1176|12|12|1176|-1|0.000|RAM_LIMIT||2026-06-20 08:44:54
DATA|power-eris1176|16|16|1176|-1|0.000|RAM_LIMIT||2026-06-20 08:44:54
DATA|road-chesapeake|4|4|39|-1|0.000|RAM_LIMIT||2026-06-20 08:44:54
DATA|road-chesapeake|6|6|39|-1|0.000|RAM_LIMIT||2026-06-20 08:44:54
DATA|road-chesapeake|8|8|39|-1|0.000|RAM_LIMIT||2026-06-20 08:44:54
DATA|road-chesapeake|10|10|39|-1|0.000|RAM_LIMIT||2026-06-20 08:44:54
DATA|road-chesapeake|12|12|39|-1|0.000|RAM_LIMIT||2026-06-20 08:44:54
DATA|road-chesapeake|16|16|39|-1|0.000|RAM_LIMIT||2026-06-20 08:44:54
DATA|road-euroroad|2|2|1174|-1|0.000|RAM_LIMIT||2026-06-20 08:44:54
DATA|road-euroroad|3|3|1174|-1|0.000|RAM_LIMIT||2026-06-20 08:44:54
DATA|road-euroroad|4|4|1174|-1|0.000|RAM_LIMIT||2026-06-20 08:44:54
DATA|road-euroroad|6|6|1174|-1|0.000|RAM_LIMIT||2026-06-20 08:44:54
DATA|road-euroroad|8|8|1174|-1|0.000|RAM_LIMIT||2026-06-20 08:44:54
DATA|road-euroroad|10|10|1174|-1|0.000|RAM_LIMIT||2026-06-20 08:44:54
DATA|road-euroroad|12|12|1174|-1|0.000|RAM_LIMIT||2026-06-20 08:44:54
DATA|road-euroroad|16|16|1174|-1|0.000|RAM_LIMIT||2026-06-20 08:44:54
DATA|road-luxembourg-osm|1|1|114599|-1|0.000|RAM_LIMIT||2026-06-20 08:44:54
DATA|road-luxembourg-osm|2|2|114599|-1|0.000|RAM_LIMIT||2026-06-20 08:44:54
DATA|road-luxembourg-osm|3|3|114599|-1|0.000|RAM_LIMIT||2026-06-20 08:44:54
DATA|road-luxembourg-osm|4|4|114599|-1|0.000|RAM_LIMIT||2026-06-20 08:44:54
DATA|road-luxembourg-osm|6|6|114599|-1|0.000|RAM_LIMIT||2026-06-20 08:44:54
DATA|road-luxembourg-osm|8|8|114599|-1|0.000|RAM_LIMIT||2026-06-20 08:44:54
DATA|road-luxembourg-osm|10|10|114599|-1|0.000|RAM_LIMIT||2026-06-20 08:44:54
DATA|road-luxembourg-osm|12|12|114599|-1|0.000|RAM_LIMIT||2026-06-20 08:44:54
DATA|road-luxembourg-osm|16|16|114599|-1|0.000|RAM_LIMIT||2026-06-20 08:44:54
DATA|road-minnesota|2|2|2642|-1|0.000|RAM_LIMIT||2026-06-20 08:44:54
DATA|road-minnesota|3|3|2642|-1|0.000|RAM_LIMIT||2026-06-20 08:44:54
DATA|road-minnesota|4|4|2642|-1|0.000|RAM_LIMIT||2026-06-20 08:44:54
DATA|road-minnesota|6|6|2642|-1|0.000|RAM_LIMIT||2026-06-20 08:44:54
DATA|road-minnesota|8|8|2642|-1|0.000|RAM_LIMIT||2026-06-20 08:44:54
DATA|road-minnesota|10|10|2642|-1|0.000|RAM_LIMIT||2026-06-20 08:44:54
DATA|road-minnesota|12|12|2642|-1|0.000|RAM_LIMIT||2026-06-20 08:44:54
DATA|road-minnesota|16|16|2642|-1|0.000|RAM_LIMIT||2026-06-20 08:44:54
DATA|road-roadNet-PA|1|1|1087562|-1|0.000|RAM_LIMIT||2026-06-20 08:44:54
DATA|road-roadNet-PA|2|2|1087562|-1|0.000|RAM_LIMIT||2026-06-20 08:44:54
DATA|road-roadNet-PA|3|3|1087562|-1|0.000|RAM_LIMIT||2026-06-20 08:44:54
DATA|road-roadNet-PA|4|4|1087562|-1|0.000|RAM_LIMIT||2026-06-20 08:44:54
DATA|road-roadNet-PA|6|6|1087562|-1|0.000|RAM_LIMIT||2026-06-20 08:44:54
DATA|road-roadNet-PA|8|8|1087562|-1|0.000|RAM_LIMIT||2026-06-20 08:44:54
DATA|road-roadNet-PA|10|10|1087562|-1|0.000|RAM_LIMIT||2026-06-20 08:44:54
DATA|road-roadNet-PA|12|12|1087562|-1|0.000|RAM_LIMIT||2026-06-20 08:44:54
DATA|road-roadNet-PA|16|16|1087562|-1|0.000|RAM_LIMIT||2026-06-20 08:44:54
DATA|soc-dolphins|3|3|62|-1|0.000|RAM_LIMIT||2026-06-20 08:44:54
DATA|soc-dolphins|4|4|62|-1|0.000|RAM_LIMIT||2026-06-20 08:44:54
DATA|soc-dolphins|6|6|62|-1|0.000|RAM_LIMIT||2026-06-20 08:44:54
DATA|soc-dolphins|8|8|62|-1|0.000|RAM_LIMIT||2026-06-20 08:44:54
DATA|soc-dolphins|10|10|62|-1|0.000|RAM_LIMIT||2026-06-20 08:44:54
DATA|soc-dolphins|12|12|62|-1|0.000|RAM_LIMIT||2026-06-20 08:44:54
DATA|soc-dolphins|16|16|62|-1|0.000|RAM_LIMIT||2026-06-20 08:44:54
DATA|soc-karate|4|4|34|-1|0.000|RAM_LIMIT||2026-06-20 08:44:54
DATA|soc-karate|6|6|34|-1|0.000|RAM_LIMIT||2026-06-20 08:44:54
DATA|soc-karate|8|8|34|-1|0.000|RAM_LIMIT||2026-06-20 08:44:54
DATA|soc-karate|10|10|34|-1|0.000|RAM_LIMIT||2026-06-20 08:44:54
DATA|soc-karate|12|12|34|-1|0.000|RAM_LIMIT||2026-06-20 08:44:54
DATA|soc-karate|16|16|34|-1|0.000|RAM_LIMIT||2026-06-20 08:44:54
DATA|socfb-Oberlin44|10|10|2920|-1|0.000|RAM_LIMIT||2026-06-20 08:44:54
DATA|socfb-Oberlin44|12|12|2920|-1|0.000|RAM_LIMIT||2026-06-20 08:44:54
DATA|socfb-Oberlin44|16|16|2920|-1|0.000|RAM_LIMIT||2026-06-20 08:44:54
DATA|socfb-Pepperdine86|2|2|3445|-1|0.000|RAM_LIMIT||2026-06-20 08:44:54
DATA|socfb-Pepperdine86|3|3|3445|-1|0.000|RAM_LIMIT||2026-06-20 08:44:54
DATA|socfb-Pepperdine86|4|4|3445|-1|0.000|RAM_LIMIT||2026-06-20 08:44:54
DATA|socfb-Pepperdine86|6|6|3445|-1|0.000|RAM_LIMIT||2026-06-20 08:44:54
DATA|socfb-Pepperdine86|8|8|3445|-1|0.000|RAM_LIMIT||2026-06-20 08:44:54
DATA|socfb-Pepperdine86|10|10|3445|-1|0.000|RAM_LIMIT||2026-06-20 08:44:54
DATA|socfb-Pepperdine86|12|12|3445|-1|0.000|RAM_LIMIT||2026-06-20 08:44:54
DATA|socfb-Pepperdine86|16|16|3445|-1|0.000|RAM_LIMIT||2026-06-20 08:44:54
DATA|socfb-Reed98|2|2|962|-1|0.000|RAM_LIMIT||2026-06-20 08:44:54
DATA|socfb-Reed98|3|3|962|-1|0.000|RAM_LIMIT||2026-06-20 08:44:54
DATA|socfb-Reed98|4|4|962|-1|0.000|RAM_LIMIT||2026-06-20 08:44:54
DATA|socfb-Reed98|6|6|962|-1|0.000|RAM_LIMIT||2026-06-20 08:44:54
DATA|socfb-Reed98|8|8|962|-1|0.000|RAM_LIMIT||2026-06-20 08:44:54
DATA|socfb-Reed98|10|10|962|-1|0.000|RAM_LIMIT||2026-06-20 08:44:54
DATA|socfb-Reed98|12|12|962|-1|0.000|RAM_LIMIT||2026-06-20 08:44:54
DATA|socfb-Reed98|16|16|962|-1|0.000|RAM_LIMIT||2026-06-20 08:44:54
DATA|socfb-Simmons81|2|2|1518|-1|0.000|RAM_LIMIT||2026-06-20 08:44:54
DATA|socfb-Simmons81|3|3|1518|-1|0.000|RAM_LIMIT||2026-06-20 08:44:54
DATA|socfb-Simmons81|4|4|1518|-1|0.000|RAM_LIMIT||2026-06-20 08:44:54
DATA|socfb-Simmons81|6|6|1518|-1|0.000|RAM_LIMIT||2026-06-20 08:44:54
DATA|socfb-Simmons81|8|8|1518|-1|0.000|RAM_LIMIT||2026-06-20 08:44:54
DATA|socfb-Simmons81|10|10|1518|-1|0.000|RAM_LIMIT||2026-06-20 08:44:54
DATA|socfb-Simmons81|12|12|1518|-1|0.000|RAM_LIMIT||2026-06-20 08:44:54
DATA|socfb-Simmons81|16|16|1518|-1|0.000|RAM_LIMIT||2026-06-20 08:44:54
DATA|socfb-Smith60|2|2|2970|-1|0.000|RAM_LIMIT||2026-06-20 08:44:54
DATA|socfb-Smith60|3|3|2970|-1|0.000|RAM_LIMIT||2026-06-20 08:44:54
DATA|socfb-Smith60|4|4|2970|-1|0.000|RAM_LIMIT||2026-06-20 08:44:54
DATA|socfb-Smith60|6|6|2970|-1|0.000|RAM_LIMIT||2026-06-20 08:44:54
DATA|socfb-Smith60|8|8|2970|-1|0.000|RAM_LIMIT||2026-06-20 08:44:54
DATA|socfb-Smith60|10|10|2970|-1|0.000|RAM_LIMIT||2026-06-20 08:44:54
DATA|socfb-Smith60|12|12|2970|-1|0.000|RAM_LIMIT||2026-06-20 08:44:54
DATA|socfb-Smith60|16|16|2970|-1|0.000|RAM_LIMIT||2026-06-20 08:44:54
DATA|socfb-Swarthmore42|2|2|1659|-1|0.000|RAM_LIMIT||2026-06-20 08:44:54
DATA|socfb-Swarthmore42|3|3|1659|-1|0.000|RAM_LIMIT||2026-06-20 08:44:54
DATA|socfb-Swarthmore42|4|4|1659|-1|0.000|RAM_LIMIT||2026-06-20 08:44:54
DATA|socfb-Swarthmore42|6|6|1659|-1|0.000|RAM_LIMIT||2026-06-20 08:44:54
DATA|socfb-Swarthmore42|8|8|1659|-1|0.000|RAM_LIMIT||2026-06-20 08:44:54
DATA|socfb-Swarthmore42|10|10|1659|-1|0.000|RAM_LIMIT||2026-06-20 08:44:54
DATA|socfb-Swarthmore42|12|12|1659|-1|0.000|RAM_LIMIT||2026-06-20 08:44:54
DATA|socfb-Swarthmore42|16|16|1659|-1|0.000|RAM_LIMIT||2026-06-20 08:44:54
DATA|socfb-Trinity100|2|2|2613|-1|0.000|RAM_LIMIT||2026-06-20 08:44:54
DATA|socfb-Trinity100|3|3|2613|-1|0.000|RAM_LIMIT||2026-06-20 08:44:54
DATA|socfb-Trinity100|4|4|2613|-1|0.000|RAM_LIMIT||2026-06-20 08:44:54
DATA|socfb-Trinity100|6|6|2613|-1|0.000|RAM_LIMIT||2026-06-20 08:44:54
DATA|socfb-Trinity100|8|8|2613|-1|0.000|RAM_LIMIT||2026-06-20 08:44:54
DATA|socfb-Trinity100|10|10|2613|-1|0.000|RAM_LIMIT||2026-06-20 08:44:54
DATA|socfb-Trinity100|12|12|2613|-1|0.000|RAM_LIMIT||2026-06-20 08:44:54
DATA|socfb-Trinity100|16|16|2613|-1|0.000|RAM_LIMIT||2026-06-20 08:44:54
DATA|socfb-USFCA72|2|2|2682|-1|0.000|RAM_LIMIT||2026-06-20 08:44:54
DATA|socfb-USFCA72|3|3|2682|-1|0.000|RAM_LIMIT||2026-06-20 08:44:54
DATA|socfb-USFCA72|4|4|2682|-1|0.000|RAM_LIMIT||2026-06-20 08:44:54
DATA|socfb-USFCA72|6|6|2682|-1|0.000|RAM_LIMIT||2026-06-20 08:44:54
DATA|socfb-USFCA72|8|8|2682|-1|0.000|RAM_LIMIT||2026-06-20 08:44:54
DATA|socfb-USFCA72|10|10|2682|-1|0.000|RAM_LIMIT||2026-06-20 08:44:54
DATA|socfb-USFCA72|12|12|2682|-1|0.000|RAM_LIMIT||2026-06-20 08:44:54
DATA|socfb-USFCA72|16|16|2682|-1|0.000|RAM_LIMIT||2026-06-20 08:44:54
DATA|socfb-Vassar85|2|2|3068|-1|0.000|RAM_LIMIT||2026-06-20 08:44:54
DATA|socfb-Vassar85|3|3|3068|-1|0.000|RAM_LIMIT||2026-06-20 08:44:54
DATA|socfb-Vassar85|4|4|3068|-1|0.000|RAM_LIMIT||2026-06-20 08:44:54
DATA|socfb-Vassar85|6|6|3068|-1|0.000|RAM_LIMIT||2026-06-20 08:44:54
DATA|socfb-Vassar85|8|8|3068|-1|0.000|RAM_LIMIT||2026-06-20 08:44:54
DATA|socfb-Vassar85|10|10|3068|-1|0.000|RAM_LIMIT||2026-06-20 08:44:54
DATA|socfb-Vassar85|12|12|3068|-1|0.000|RAM_LIMIT||2026-06-20 08:44:54
DATA|socfb-Vassar85|16|16|3068|-1|0.000|RAM_LIMIT||2026-06-20 08:44:54
DATA|socfb-Wellesley22|2|2|2970|-1|0.000|RAM_LIMIT||2026-06-20 08:44:54
DATA|socfb-Wellesley22|3|3|2970|-1|0.000|RAM_LIMIT||2026-06-20 08:44:54
DATA|socfb-Wellesley22|4|4|2970|-1|0.000|RAM_LIMIT||2026-06-20 08:44:54
DATA|socfb-Wellesley22|6|6|2970|-1|0.000|RAM_LIMIT||2026-06-20 08:44:54
DATA|socfb-Wellesley22|8|8|2970|-1|0.000|RAM_LIMIT||2026-06-20 08:44:54
DATA|socfb-Wellesley22|10|10|2970|-1|0.000|RAM_LIMIT||2026-06-20 08:44:54
DATA|socfb-Wellesley22|12|12|2970|-1|0.000|RAM_LIMIT||2026-06-20 08:44:54
DATA|socfb-Wellesley22|16|16|2970|-1|0.000|RAM_LIMIT||2026-06-20 08:44:54
DATA|socfb-Williams40|2|2|2790|-1|0.000|RAM_LIMIT||2026-06-20 08:44:54
DATA|socfb-Williams40|3|3|2790|-1|0.000|RAM_LIMIT||2026-06-20 08:44:54
DATA|socfb-Williams40|4|4|2790|-1|0.000|RAM_LIMIT||2026-06-20 08:44:54
DATA|socfb-Williams40|6|6|2790|-1|0.000|RAM_LIMIT||2026-06-20 08:44:54
DATA|socfb-Williams40|8|8|2790|-1|0.000|RAM_LIMIT||2026-06-20 08:44:54
DATA|socfb-Williams40|10|10|2790|-1|0.000|RAM_LIMIT||2026-06-20 08:44:54
DATA|socfb-Williams40|12|12|2790|-1|0.000|RAM_LIMIT||2026-06-20 08:44:54
DATA|socfb-Williams40|16|16|2790|-1|0.000|RAM_LIMIT||2026-06-20 08:44:54
DATA|socfb-nips-ego|2|2|2888|-1|0.000|RAM_LIMIT||2026-06-20 08:44:54
DATA|socfb-nips-ego|3|3|2888|-1|0.000|RAM_LIMIT||2026-06-20 08:44:54
DATA|socfb-nips-ego|4|4|2888|-1|0.000|RAM_LIMIT||2026-06-20 08:44:54
DATA|socfb-nips-ego|6|6|2888|-1|0.000|RAM_LIMIT||2026-06-20 08:44:54
DATA|socfb-nips-ego|8|8|2888|-1|0.000|RAM_LIMIT||2026-06-20 08:44:54
DATA|socfb-nips-ego|10|10|2888|-1|0.000|RAM_LIMIT||2026-06-20 08:44:54
DATA|socfb-nips-ego|12|12|2888|-1|0.000|RAM_LIMIT||2026-06-20 08:44:54
DATA|socfb-nips-ego|16|16|2888|-1|0.000|RAM_LIMIT||2026-06-20 08:44:54
DATA|web-EPA|2|2|4271|-1|0.000|RAM_LIMIT||2026-06-20 08:44:54
DATA|web-EPA|3|3|4271|-1|0.000|RAM_LIMIT||2026-06-20 08:44:54
DATA|web-EPA|4|4|4271|-1|0.000|RAM_LIMIT||2026-06-20 08:44:54
DATA|web-EPA|6|6|4271|-1|0.000|RAM_LIMIT||2026-06-20 08:44:54
DATA|web-EPA|8|8|4271|-1|0.000|RAM_LIMIT||2026-06-20 08:44:54
DATA|web-EPA|10|10|4271|-1|0.000|RAM_LIMIT||2026-06-20 08:44:54
DATA|web-EPA|12|12|4271|-1|0.000|RAM_LIMIT||2026-06-20 08:44:54
DATA|web-EPA|16|16|4271|-1|0.000|RAM_LIMIT||2026-06-20 08:44:54
DATA|web-edu|2|2|3031|-1|0.000|RAM_LIMIT||2026-06-20 08:44:54
DATA|web-edu|3|3|3031|-1|0.000|RAM_LIMIT||2026-06-20 08:44:54
DATA|web-edu|4|4|3031|-1|0.000|RAM_LIMIT||2026-06-20 08:44:54
DATA|web-edu|6|6|3031|-1|0.000|RAM_LIMIT||2026-06-20 08:44:54
DATA|web-edu|8|8|3031|-1|0.000|RAM_LIMIT||2026-06-20 08:44:54
DATA|web-edu|10|10|3031|-1|0.000|RAM_LIMIT||2026-06-20 08:44:54
DATA|web-edu|12|12|3031|-1|0.000|RAM_LIMIT||2026-06-20 08:44:54
DATA|web-edu|16|16|3031|-1|0.000|RAM_LIMIT||2026-06-20 08:44:54
DATA|web-indochina-2004|2|2|11358|-1|0.000|RAM_LIMIT||2026-06-20 08:44:54
DATA|web-indochina-2004|3|3|11358|-1|0.000|RAM_LIMIT||2026-06-20 08:44:54
DATA|web-indochina-2004|4|4|11358|-1|0.000|RAM_LIMIT||2026-06-20 08:44:54
DATA|web-indochina-2004|6|6|11358|-1|0.000|RAM_LIMIT||2026-06-20 08:44:54
DATA|web-indochina-2004|8|8|11358|-1|0.000|RAM_LIMIT||2026-06-20 08:44:54
DATA|web-indochina-2004|10|10|11358|-1|0.000|RAM_LIMIT||2026-06-20 08:44:54
DATA|web-indochina-2004|12|12|11358|-1|0.000|RAM_LIMIT||2026-06-20 08:44:54
DATA|web-indochina-2004|16|16|11358|-1|0.000|RAM_LIMIT||2026-06-20 08:44:54
DATA|web-spam|2|2|4767|-1|0.000|RAM_LIMIT||2026-06-20 08:44:54
DATA|web-spam|3|3|4767|-1|0.000|RAM_LIMIT||2026-06-20 08:44:54
DATA|web-spam|4|4|4767|-1|0.000|RAM_LIMIT||2026-06-20 08:44:54
DATA|web-spam|6|6|4767|-1|0.000|RAM_LIMIT||2026-06-20 08:44:54
DATA|web-spam|8|8|4767|-1|0.000|RAM_LIMIT||2026-06-20 08:44:54
DATA|web-spam|10|10|4767|-1|0.000|RAM_LIMIT||2026-06-20 08:44:54
DATA|web-spam|12|12|4767|-1|0.000|RAM_LIMIT||2026-06-20 08:44:54
DATA|web-spam|16|16|4767|-1|0.000|RAM_LIMIT||2026-06-20 08:44:54
DATA|web-webbase-2001|2|2|16062|-1|0.000|RAM_LIMIT||2026-06-20 08:44:54
DATA|web-webbase-2001|3|3|16062|-1|0.000|RAM_LIMIT||2026-06-20 08:44:54
DATA|web-webbase-2001|4|4|16062|-1|0.000|RAM_LIMIT||2026-06-20 08:44:54
DATA|web-webbase-2001|6|6|16062|-1|0.000|RAM_LIMIT||2026-06-20 08:44:54
DATA|web-webbase-2001|8|8|16062|-1|0.000|RAM_LIMIT||2026-06-20 08:44:54
DATA|web-webbase-2001|10|10|16062|-1|0.000|RAM_LIMIT||2026-06-20 08:44:54
DATA|web-webbase-2001|12|12|16062|-1|0.000|RAM_LIMIT||2026-06-20 08:44:54
DATA|web-webbase-2001|16|16|16062|-1|0.000|RAM_LIMIT||2026-06-20 08:44:54
DATA|ca-netscience|2|2|379|-1|0.000|RAM_LIMIT||2026-06-20 08:51:03
DATA|ca-netscience|3|3|379|-1|0.000|RAM_LIMIT||2026-06-20 08:51:03
DATA|ca-netscience|4|4|379|-1|0.000|RAM_LIMIT||2026-06-20 08:51:03
DATA|ca-netscience|6|6|379|-1|0.000|RAM_LIMIT||2026-06-20 08:51:03
DATA|ca-netscience|8|8|379|-1|0.000|RAM_LIMIT||2026-06-20 08:51:03
DATA|ca-netscience|10|10|379|-1|0.000|RAM_LIMIT||2026-06-20 08:51:03
DATA|ca-netscience|12|12|379|-1|0.000|RAM_LIMIT||2026-06-20 08:51:03
DATA|ca-netscience|16|16|379|-1|0.000|RAM_LIMIT||2026-06-20 08:51:03
DATA|ca-sandi_auths|3|3|86|-1|0.000|RAM_LIMIT||2026-06-20 08:51:03