1
3
4
6
7
9
10
12
13
14
16
18
20
21
22
23
24
27
28
30
31
32
33
34
35
36
37
42
43
44
45
47
48
49
50
52
53
54
56
58
60
61
63
68
71
72
74
75
76
78
79
80
81
82
83
87
88
89
90
92
94
95
96
97
99
100
102
105
107
108
110
114
115
116
117
118
120
121
123
124
125
127
128
129
133
134
136
139
140
141
142
143
145
146
148
150
152
153
156
157
158
161
162
163
164
165
168
170
171
172
173
174
176
177
180
181
185
188
192
193
197
198
206
207
208
212
213
214
216
220
221
222
223
225
227
229
233
237
238
240
242
245
250
252
256
258
259
262
281
