1
2
4
7
11
12
13
15
16
17
18
19
20
23
25
26
28
30
31
33
34
36
38
41
42
44
46
50
51
52
54
55
58
59
61
62
63
64
65
67
68
71
72
74
75
77
79
80
83
85
88
90
91
92
93
95
97
99
100
101
102
104
107
109
110
112
113
115
119
122
123
124
125
127
128
130
131
133
135
136
137
138
140
141
142
143
146
147
148
150
151
153
155
156
159
163
164
166
168
169
170
172
173
174
175
180
183
184
186
188
190
191
192
193
195
198
201
204
205
208
211
216
217
219
222
223
224
225
226
227
230
231
232
233
236
237
238
239
243
244
245
247
248
249
250
252
255
256
257
258
259
260
262
263
264
269
270
271
272
273
275
276
277
278
279
280
281
284
285
287
289
290
294
296
297
300
301
302
304
307
309
310
313
314
316
317
320
323
325
328
329
331
339
343
344
345
347
348
349
353
354
356
357
358
359
363
366
367
368
375
376
378
379
381
384
387
389
391
392
393
395
400
401
404
407
409
411
413
415
416
417
419
421
428
430
432
433
435
437
438
441
443
444
445
446
448
449
450
451
454
455
456
458
459
460
461
463
465
467
470
472
473
474
475
477
480
482
483
486
487
488
