1
2
8
9
22
24
25
27
31
32
33
34
36
37
39
43
44
45
46
48
49
51
55
56
57
58
60
61
63
67
68
69
71
72
74
78
79
80
82
83
85
89
90
92
94
95
97
101
102
104
106
107
109
113
114
116
118
119
121
125
126
128
130
131
133
137
138
140
142
143
145
149
150
152
154
155
157
161
162
164
166
167
168
170
172
173
176
180
182
185
187
189
191
193
194
195
197
199
200
203
207
209
212
216
218
219
221
225
226
227
228
229
231
233
237
239
242
246
248
249
251
253
255
256
258
259
263
267
269
272
276
278
279
281
283
285
286
288
289
293
297
299
302
306
308
309
311
313
315
316
318
319
323
327
329
332
336
338
339
341
343
345
346
348
349
353
357
359
362
366
368
369
371
373
375
376
378
379
383
387
389
392
396
398
399
401
405
406
407
408
410
412
416
418
421
425
427
428
430
432
434
435
436
437
441
445
447
450
454
456
457
459
461
463
464
466
467
471
475
477
481
483
485
487
488
490
492
494
495
497
498
502
506
508
512
514
516
518
519
521
525
526
527
528
530
532
536
538
541
545
547
548
550
552
554
557
558
561
565
567
570
572
574
576
577
579
581
583
584
585
586
590
594
596
599
603
605
607
609
611
612
613
614
615
619
623
625
628
632
637
638
639
640
641
642
643
644
645
647
649
651
653
655
657
659
661
665
668
677
678
679
681
684
686
687
688
689
691
692
693
696
697
700
702
703
704
706
707
708
711
713
714
715
716
717
718
720
722
724
726
727
728
729
730
731
733
735
736
738
739
741
742
744
747
749
750
751
753
754
755
757
759
761
762
764
765
767
771
774
775
776
777
778
780
782
784
786
788
790
792
794
795
796
798
800
801
802
803
804
805
806
809
812
815
818
821
824
828
830
833
836
837
841
842
845
846
847
848
850
851
853
856
857
858
860
863
868
869
870
871
872
873
874
877
878
880
882
883
884
886
888
889
890
894
897
901
903
904
905
907
909
910
