1
2
3
4
6
10
12
14
15
16
17
19
20
21
24
25
26
30
33
34
35
38
39
40
41
44
45
46
49
52
55
56
60
61
62
63
65
66
67
68
69
73
74
77
78
81
82
86
88
91
93
94
95
96
98
100
101
105
109
110
111
113
115
116
117
118
120
129
136
141
144
146
153
161
163
164
165
170
171
173
176
178
180
181
183
186
187
191
192
194
196
198
200
201
203
205
209
210
215
216
218
219
222
224
227
228
229
231
234
236
237
239
240
243
244
245
248
251
252
253
254
256
257
258
261
267
268
271
273
274
278
282
284
285
287
288
290
292
296
297
302
304
305
309
310
313
314
316
318
320
322
324
325
326
327
329
331
333
334
336
338
342
344
346
347
349
350
352
354
360
362
365
369
371
374
375
378
385
387
390
391
398
401
404
405
406
411
413
414
415
416
417
425
427
429
431
434
440
442
443
446
447
448
449
452
456
457
458
459
460
463
464
465
467
470
475
477
479
482
484
485
486
488
489
490
492
498
500
504
505
507
511
513
516
520
523
527
528
533
539
540
541
544
546
549
550
551
552
553
555
557
559
560
562
563
566
568
569
571
573
574
576
577
579
580
584
585
587
588
593
594
595
600
603
605
607
612
614
618
619
620
621
622
623
624
628
629
640
641
648
649
651
665
674
677
