3
4
5
7
8
10
11
15
16
17
18
20
21
22
23
24
27
28
29
31
32
34
35
37
38
39
40
42
45
47
49
51
52
53
57
59
62
63
65
66
69
71
73
74
75
77
78
80
81
84
85
86
88
90
92
93
94
95
99
102
103
104
106
108
109
111
114
117
118
119
123
125
127
128
131
134
135
137
138
141
142
143
144
145
147
148
150
151
155
160
161
163
164
168
169
170
172
173
174
176
177
178
180
181
185
189
191
192
196
197
199
200
205
207
208
209
211
214
215
217
218
219
220
222
224
225
226
227
233
234
235
237
239
240
241
247
248
249
251
252
253
255
256
259
262
264
265
266
267
268
270
271
272
275
277
278
279
285
286
290
293
295
296
297
301
304
305
306
308
312
314
315
319
326
329
330
332
333
334
335
339
340
341
343
346
347
349
350
351
352
353
354
355
357
359
360
361
362
363
364
368
369
370
372
373
374
375
376
377
380
381
382
383
385
387
391
393
396
397
400
402
407
408
409
412
414
416
417
418
421
422
424
425
427
428
429
432
433
435
437
439
442
443
446
448
450
452
454
456
458
460
462
465
467
470
474
475
476
477
481
482
484
486
487
488
490
492
494
497
498
500
502
503
505
506
508
510
511
512
515
516
518
519
520
522
523
527
529
531
533
538
539
540
546
549
550
551
553
555
556
558
559
561
562
566
570
571
572
574
575
580
582
583
585
586
588
590
592
593
594
595
596
597
598
599
602
603
605
606
610
613
615
616
617
618
619
623
624
625
627
629
630
632
634
639
640
641
642
643
644
645
646
647
648
649
650
652
653
656
658
660
661
665
666
667
669
671
672
673
676
678
680
681
683
684
685
686
690
692
702
704
707
709
712
713
714
715
716
718
721
723
727
728
732
733
734
735
736
737
739
740
742
744
745
747
749
751
752
753
754
757
758
760
762
763
765
766
767
768
769
771
772
775
777
778
780
782
784
785
787
788
789
790
794
795
797
799
801
802
804
806
808
809
810
811
813
814
817
820
821
822
823
824
825
826
827
828
830
837
840
841
842
843
844
850
852
854
856
858
859
860
861
864
865
866
867
868
869
871
874
876
879
882
884
885
886
887
889
891
893
896
898
901
903
905
906
908
909
910
913
914
916
918
920
922
925
926
927
928
929
932
933
936
940
941
942
943
946
949
953
954
955
957
962
963
965
968
970
971
973
974
975
976
977
979
981
983
985
987
988
996
997
998
1001
1002
1003
1005
1007
1010
1011
1012
1015
1017
1019
1021
1022
1024
1026
1027
1029
1031
1032
1037
1042
1043
1048
1049
1050
1054
1056
1057
1060
1061
1062
1063
1066
1067
1069
1070
1079
1080
1081
1083
1085
1086
1087
1088
1089
1090
1093
1095
1096
1098
1104
1106
1107
1109
1111
1112
1114
1115
1121
1123
